0 1 1 1 1 5 5 
0 1 1 1 1 5 5 
0 1 1 1 1 5 5 
0 1 1 1 1 5 5 
5 1 1 5 0 10 10 9 10 5 12 10 
5 1 1 5 0 10 10 9 10 5 12 10 
5 1 1 5 0 10 10 9 10 5 12 10 
5 1 1 5 0 10 10 9 10 5 12 10 
4 4 4 0 4 5 8 6 11 11 8 11 11 
4 4 4 0 4 5 8 6 11 11 8 11 11 
4 4 4 0 4 5 8 6 11 11 8 11 11 
4 4 4 0 4 5 8 6 11 11 8 11 11 
0 1 7 7 7 7 2 10 10 7 13 13 10 16 16 13 20 20 20 16 22 20 22 23 23 27 22 27 28 28 32 27 
0 1 7 7 7 7 2 10 10 7 13 13 10 16 16 13 20 20 20 16 22 20 22 23 23 27 22 27 28 28 32 27 
0 1 7 7 7 7 2 10 10 7 13 13 10 16 16 13 20 20 20 16 22 20 22 23 23 27 22 27 28 28 32 27 
0 1 7 7 7 7 2 10 10 7 13 13 10 16 16 13 20 20 20 16 22 20 22 23 23 27 22 27 28 28 32 27 
0 1 1 1 1 12 12 12 12 12 12 5 1 15 1 20 20 20 20 15 
0 1 1 1 1 12 12 12 12 12 12 5 1 15 1 20 20 20 20 15 
0 1 1 1 1 12 12 12 12 12 12 5 1 15 1 20 20 20 20 15 
0 1 1 1 1 12 12 12 12 12 12 5 1 15 1 20 20 20 20 15 
2 0 4 2 7 7 2 10 10 7 14 14 14 10 14 20 20 20 20 14 22 14 
2 0 4 2 7 7 2 10 10 7 14 14 14 10 14 20 20 20 20 14 22 14 
2 0 4 2 7 7 2 10 10 7 14 14 14 10 14 20 20 20 20 14 22 14 
2 0 4 2 7 7 2 10 10 7 14 14 14 10 14 20 20 20 20 14 22 14 
2 0 2 3 9 9 9 9 3 11 9 14 14 11 16 11 3 21 18 18 3 21 25 25 21 28 28 25 
2 0 2 3 9 9 9 9 3 11 9 14 14 11 16 11 3 21 18 18 3 21 25 25 21 28 28 25 
2 0 2 3 9 9 9 9 3 11 9 14 14 11 16 11 3 21 18 18 3 21 25 25 21 28 28 25 
2 0 2 3 9 9 9 9 3 11 9 14 14 11 16 11 3 21 18 18 3 21 25 25 21 28 28 25 
7 7 7 7 7 7 0 9 7 9 9 9 9 7 19 19 19 19 7 
7 7 7 7 7 7 0 9 7 9 9 9 9 7 19 19 19 19 7 
7 7 7 7 7 7 0 9 7 9 9 9 9 7 19 19 19 19 7 
7 7 7 7 7 7 0 9 7 9 9 9 9 7 19 19 19 19 7 
8 3 8 8 8 8 8 14 10 8 14 14 14 0 16 17 14 20 20 14 22 20 20 20 
8 3 8 8 8 8 8 14 10 8 14 14 14 0 16 17 14 20 20 14 22 20 20 20 
8 3 8 8 8 8 8 14 10 8 14 14 14 0 16 17 14 20 20 14 22 20 20 20 
8 3 8 8 8 8 8 14 10 8 14 14 14 0 16 17 14 20 20 14 22 20 20 20 
12 3 12 3 3 12 6 6 12 12 12 0 14 12 
12 3 12 3 3 12 6 6 12 12 12 0 14 12 
12 3 12 3 3 12 6 6 12 12 12 0 14 12 
12 3 12 3 3 12 6 6 12 12 12 0 14 12 
0 5 5 5 1 5 8 5 10 8 12 10 10 10 19 19 19 19 10 19 26 21 26 26 26 19 30 30 30 26 32 30 
0 5 5 5 1 5 8 5 10 8 12 10 10 10 19 19 19 19 10 19 26 21 26 26 26 19 30 30 30 26 32 30 
0 5 5 5 1 5 8 5 10 8 12 10 10 10 19 19 19 19 10 19 26 21 26 26 26 19 30 30 30 26 32 30 
0 5 5 5 1 5 8 5 10 8 12 10 10 10 19 19 19 19 10 19 26 21 26 26 26 19 30 30 30 26 32 30 
0 1 4 2 6 4 4 11 8 8 4 11 
0 1 4 2 6 4 4 11 8 8 4 11 
0 1 4 2 6 4 4 11 8 8 4 11 
0 1 4 2 6 4 4 11 8 8 4 11 
5 1 1 1 0 5 9 9 6 11 9 6 6 
5 1 1 1 0 5 9 9 6 11 9 6 6 
5 1 1 1 0 5 9 9 6 11 9 6 6 
5 1 1 1 0 5 9 9 6 11 9 6 6 
0 1 1 1 4 5 6 6 6 14 14 14 14 6 17 17 14 19 17 19 19 6 6 
0 1 1 1 4 5 6 6 6 14 14 14 14 6 17 17 14 19 17 19 19 6 6 
0 1 1 1 4 5 6 6 6 14 14 14 14 6 17 17 14 19 17 19 19 6 6 
0 1 1 1 4 5 6 6 6 14 14 14 14 6 17 17 14 19 17 19 19 6 6 
0 1 1 1 1 
0 1 1 1 1 
0 1 1 1 1 
0 1 1 1 1 
2 11 5 5 2 5 8 5 11 11 0 11 11 20 17 17 20 20 20 11 22 20 
2 11 5 5 2 5 8 5 11 11 0 11 11 20 17 17 20 20 20 11 22 20 
2 11 5 5 2 5 8 5 11 11 0 11 11 20 17 17 20 20 20 11 22 20 
2 11 5 5 2 5 8 5 11 11 0 11 11 20 17 17 20 20 20 11 22 20 
9 1 1 9 9 9 8 9 0 9 
9 1 1 9 9 9 8 9 0 9 
9 1 1 9 9 9 8 9 0 9 
9 1 1 9 9 9 8 9 0 9 
6 1 1 6 6 0 8 6 6 6 6 6 14 18 18 18 18 6 
6 1 1 6 6 0 8 6 6 6 6 6 14 18 18 18 18 6 
6 1 1 6 6 0 8 6 6 6 6 6 14 18 18 18 18 6 
6 1 1 6 6 0 8 6 6 6 6 6 14 18 18 18 18 6 
5 5 2 2 13 7 5 7 10 8 13 13 0 15 13 15 
5 5 2 2 13 7 5 7 10 8 13 13 0 15 13 15 
5 5 2 2 13 7 5 7 10 8 13 13 0 15 13 15 
5 5 2 2 13 7 5 7 10 8 13 13 0 15 13 15 
3 3 0 5 3 3 3 
3 3 0 5 3 3 3 
3 3 0 5 3 3 3 
3 3 0 5 3 3 3 
2 12 4 2 6 2 12 9 12 12 12 0 12 16 16 13 16 17 13 21 13 23 24 25 21 27 25 21 21 
2 12 4 2 6 2 12 9 12 12 12 0 12 16 16 13 16 17 13 21 13 23 24 25 21 27 25 21 21 
2 12 4 2 6 2 12 9 12 12 12 0 12 16 16 13 16 17 13 21 13 23 24 25 21 27 25 21 21 
2 12 4 2 6 2 12 9 12 12 12 0 12 16 16 13 16 17 13 21 13 23 24 25 21 27 25 21 21 
0 1 4 1 6 4 9 9 6 9 9 4 15 15 4 15 20 20 20 16 
0 1 4 1 6 4 9 9 6 9 9 4 15 15 4 15 20 20 20 16 
0 1 4 1 6 4 9 9 6 9 9 4 15 15 4 15 20 20 20 16 
0 1 4 1 6 4 9 9 6 9 9 4 15 15 4 15 20 20 20 16 
6 1 1 6 6 0 11 11 11 11 6 11 14 12 16 14 14 20 20 21 14 24 24 21 28 28 28 24 24 32 32 24 35 35 32 38 38 35 41 41 38 14 14 47 47 47 43 50 50 43 52 50 
6 1 1 6 6 0 11 11 11 11 6 11 14 12 16 14 14 20 20 21 14 24 24 21 28 28 28 24 24 32 32 24 35 35 32 38 38 35 41 41 38 14 14 47 47 47 43 50 50 43 52 50 
6 1 1 6 6 0 11 11 11 11 6 11 14 12 16 14 14 20 20 21 14 24 24 21 28 28 28 24 24 32 32 24 35 35 32 38 38 35 41 41 38 14 14 47 47 47 43 50 50 43 52 50 
6 1 1 6 6 0 11 11 11 11 6 11 14 12 16 14 14 20 20 21 14 24 24 21 28 28 28 24 24 32 32 24 35 35 32 38 38 35 41 41 38 14 14 47 47 47 43 50 50 43 52 50 
8 8 8 8 8 8 8 14 14 14 13 13 14 0 17 17 14 17 18 19 19 19 27 25 27 27 19 
8 8 8 8 8 8 8 14 14 14 13 13 14 0 17 17 14 17 18 19 19 19 27 25 27 27 19 
8 8 8 8 8 8 8 14 14 14 13 13 14 0 17 17 14 17 18 19 19 19 27 25 27 27 19 
8 8 8 8 8 8 8 14 14 14 13 13 14 0 17 17 14 17 18 19 19 19 27 25 27 27 19 
3 3 4 0 4 5 10 10 10 5 13 13 10 13 14 14 18 10 18 19 19 
3 3 4 0 4 5 10 10 10 5 13 13 10 13 14 14 18 10 18 19 19 
3 3 4 0 4 5 10 10 10 5 13 13 10 13 14 14 18 10 18 19 19 
3 3 4 0 4 5 10 10 10 5 13 13 10 13 14 14 18 10 18 19 19 
6 1 1 6 6 0 6 6 6 11 6 
6 1 1 6 6 0 6 6 6 11 6 
6 1 1 6 6 0 6 6 6 11 6 
6 1 1 6 6 0 6 6 6 11 6 
3 3 5 5 0 5 6 6 10 8 6 6 
3 3 5 5 0 5 6 6 10 8 6 6 
3 3 5 5 0 5 6 6 10 8 6 6 
3 3 5 5 0 5 6 6 10 8 6 6 
7 1 1 7 7 7 0 7 11 11 14 14 14 7 16 14 16 16 20 16 22 20 24 22 24 24 
7 1 1 7 7 7 0 7 11 11 14 14 14 7 16 14 16 16 20 16 22 20 24 22 24 24 
7 1 1 7 7 7 0 7 11 11 14 14 14 7 16 14 16 16 20 16 22 20 24 22 24 24 
7 1 1 7 7 7 0 7 11 11 14 14 14 7 16 14 16 16 20 16 22 20 24 22 24 24 
0 1 9 9 9 9 8 9 1 12 12 9 14 12 17 17 14 19 17 19 
0 1 9 9 9 9 8 9 1 12 12 9 14 12 17 17 14 19 17 19 
0 1 9 9 9 9 8 9 1 12 12 9 14 12 17 17 14 19 17 19 
0 1 9 9 9 9 8 9 1 12 12 9 14 12 17 17 14 19 17 19 
2 7 4 2 7 7 0 9 7 11 9 9 15 15 9 19 19 19 15 21 19 23 21 15 27 27 15 32 32 31 32 27 35 35 32 
2 7 4 2 7 7 0 9 7 11 9 9 15 15 9 19 19 19 15 21 19 23 21 15 27 27 15 32 32 31 32 27 35 35 32 
2 7 4 2 7 7 0 9 7 11 9 9 15 15 9 19 19 19 15 21 19 23 21 15 27 27 15 32 32 31 32 27 35 35 32 
2 7 4 2 7 7 0 9 7 11 9 9 15 15 9 19 19 19 15 21 19 23 21 15 27 27 15 32 32 31 32 27 35 35 32 
4 3 4 18 7 7 4 18 11 11 18 13 18 18 18 18 18 0 20 18 
4 3 4 18 7 7 4 18 11 11 18 13 18 18 18 18 18 0 20 18 
4 3 4 18 7 7 4 18 11 11 18 13 18 18 18 18 18 0 20 18 
4 3 4 18 7 7 4 18 11 11 18 13 18 18 18 18 18 0 20 18 
2 0 2 3 9 9 8 9 3 9 9 13 9 15 13 2 2 
2 0 2 3 9 9 8 9 3 9 9 13 9 15 13 2 2 
2 0 2 3 9 9 8 9 3 9 9 13 9 15 13 2 2 
2 0 2 3 9 9 8 9 3 9 9 13 9 15 13 2 2 
8 1 1 8 8 8 8 0 8 8 12 16 16 16 16 8 18 16 18 22 22 23 18 25 23 27 23 29 31 31 27 
8 1 1 8 8 8 8 0 8 8 12 16 16 16 16 8 18 16 18 22 22 23 18 25 23 27 23 29 31 31 27 
8 1 1 8 8 8 8 0 8 8 12 16 16 16 16 8 18 16 18 22 22 23 18 25 23 27 23 29 31 31 27 
8 1 1 8 8 8 8 0 8 8 12 16 16 16 16 8 18 16 18 22 22 23 18 25 23 27 23 29 31 31 27 
4 4 4 11 11 11 11 11 11 11 0 15 15 15 11 17 15 11 11 
4 4 4 11 11 11 11 11 11 11 0 15 15 15 11 17 15 11 11 
4 4 4 11 11 11 11 11 11 11 0 15 15 15 11 17 15 11 11 
4 4 4 11 11 11 11 11 11 11 0 15 15 15 11 17 15 11 11 
6 1 1 6 6 0 6 6 11 11 6 11 11 11 11 17 11 20 20 17 22 20 22 25 22 6 6 29 30 27 6 33 6 33 33 6 38 6 
6 1 1 6 6 0 6 6 11 11 6 11 11 11 11 17 11 20 20 17 22 20 22 25 22 6 6 29 30 27 6 33 6 33 33 6 38 6 
6 1 1 6 6 0 6 6 11 11 6 11 11 11 11 17 11 20 20 17 22 20 22 25 22 6 6 29 30 27 6 33 6 33 33 6 38 6 
6 1 1 6 6 0 6 6 11 11 6 11 11 11 11 17 11 20 20 17 22 20 22 25 22 6 6 29 30 27 6 33 6 33 33 6 38 6 
3 3 0 5 3 3 3 11 11 11 7 13 11 16 16 11 19 19 16 
3 3 0 5 3 3 3 11 11 11 7 13 11 16 16 11 19 19 16 
3 3 0 5 3 3 3 11 11 11 7 13 11 16 16 11 19 19 16 
3 3 0 5 3 3 3 11 11 11 7 13 11 16 16 11 19 19 16 
0 1 4 2 6 4 4 11 11 11 12 4 
0 1 4 2 6 4 4 11 11 11 12 4 
0 1 4 2 6 4 4 11 11 11 12 4 
0 1 4 2 6 4 4 11 11 11 12 4 
8 1 1 8 8 8 8 0 8 8 12 8 12 16 16 12 21 21 21 21 12 
8 1 1 8 8 8 8 0 8 8 12 8 12 16 16 12 21 21 21 21 12 
8 1 1 8 8 8 8 0 8 8 12 8 12 16 16 12 21 21 21 21 12 
8 1 1 8 8 8 8 0 8 8 12 8 12 16 16 12 21 21 21 21 12 
2 0 2 5 2 2 2 
2 0 2 5 2 2 2 
2 0 2 5 2 2 2 
2 0 2 5 2 2 2 
2 9 9 9 9 9 9 9 0 
2 9 9 9 9 9 9 9 0 
2 9 9 9 9 9 9 9 0 
2 9 9 9 9 9 9 9 0 
6 1 1 6 6 0 9 9 10 6 14 14 14 10 16 14 6 19 6 24 24 24 24 19 27 27 24 24 24 37 37 37 37 37 34 34 24 24 6 41 6 44 44 41 
6 1 1 6 6 0 9 9 10 6 14 14 14 10 16 14 6 19 6 24 24 24 24 19 27 27 24 24 24 37 37 37 37 37 34 34 24 24 6 41 6 44 44 41 
6 1 1 6 6 0 9 9 10 6 14 14 14 10 16 14 6 19 6 24 24 24 24 19 27 27 24 24 24 37 37 37 37 37 34 34 24 24 6 41 6 44 44 41 
6 1 1 6 6 0 9 9 10 6 14 14 14 10 16 14 6 19 6 24 24 24 24 19 27 27 24 24 24 37 37 37 37 37 34 34 24 24 6 41 6 44 44 41 
6 6 6 6 6 0 
6 6 6 6 6 0 
6 6 6 6 6 0 
6 6 6 6 6 0 
3 3 21 9 9 8 8 9 3 11 9 11 15 15 21 15 15 15 21 21 0 25 25 25 21 28 28 21 30 28 21 21 35 35 21 37 35 41 41 41 37 43 41 43 47 47 35 47 53 49 53 53 47 56 56 53 56 61 61 59 57 63 61 65 63 68 66 65 0 0 0 0 0 0 0 0 0 0 0 0 0 0 0 0 0 0 0 0 0 0 0 0 0 0 0 0 0 0 0 0 0 0 0 
3 3 21 9 9 8 8 9 3 11 9 11 15 15 21 15 15 15 21 21 0 25 25 25 21 28 28 21 30 28 21 21 35 35 21 37 35 41 41 41 37 43 41 43 47 47 35 47 53 49 53 53 47 56 56 53 56 61 61 59 57 63 61 65 63 68 66 65 0 0 0 0 0 0 0 0 0 0 0 0 0 0 0 0 0 0 0 0 0 0 0 0 0 0 0 0 0 0 0 0 0 0 0 
3 3 21 9 9 8 8 9 3 11 9 11 15 15 21 15 15 15 21 21 0 25 25 25 21 28 28 21 30 28 21 21 35 35 21 37 35 41 41 41 37 43 41 43 47 47 35 47 53 49 53 53 47 56 56 53 56 61 61 59 57 63 61 65 63 68 66 65 0 0 0 0 0 0 0 0 0 0 0 0 0 0 0 0 0 0 0 0 0 0 0 0 0 0 0 0 0 0 0 0 0 0 0 
3 3 21 9 9 8 8 9 3 11 9 11 15 15 21 15 15 15 21 21 0 25 25 25 21 28 28 21 30 28 21 21 35 35 21 37 35 41 41 41 37 43 41 43 47 47 35 47 53 49 53 53 47 56 56 53 56 61 61 59 57 63 61 65 63 68 66 65 0 0 0 0 0 0 0 0 0 0 0 0 0 0 0 0 0 0 0 0 0 0 0 0 0 0 0 0 0 0 0 0 0 0 0 
3 3 0 5 3 7 5 3 3 
3 3 0 5 3 7 5 3 3 
3 3 0 5 3 7 5 3 3 
3 3 0 5 3 7 5 3 3 
2 4 4 0 4 4 8 4 4 4 10 17 17 16 16 17 10 17 17 17 17 21 24 22 21 21 29 29 26 
2 4 4 0 4 4 8 4 4 4 10 17 17 16 16 17 10 17 17 17 17 21 24 22 21 21 29 29 26 
2 4 4 0 4 4 8 4 4 4 10 17 17 16 16 17 10 17 17 17 17 21 24 22 21 21 29 29 26 
2 4 4 0 4 4 8 4 4 4 10 17 17 16 16 17 10 17 17 17 17 21 24 22 21 21 29 29 26 
3 3 0 5 3 10 10 9 10 3 3 3 14 3 16 14 14 23 18 18 23 23 14 23 27 27 23 
3 3 0 5 3 10 10 9 10 3 3 3 14 3 16 14 14 23 18 18 23 23 14 23 27 27 23 
3 3 0 5 3 10 10 9 10 3 3 3 14 3 16 14 14 23 18 18 23 23 14 23 27 27 23 
3 3 0 5 3 10 10 9 10 3 3 3 14 3 16 14 14 23 18 18 23 23 14 23 27 27 23 
6 6 5 5 6 0 6 7 12 12 12 8 8 16 16 8 20 20 20 16 23 23 20 27 27 27 20 27 27 31 20 
6 6 5 5 6 0 6 7 12 12 12 8 8 16 16 8 20 20 20 16 23 23 20 27 27 27 20 27 27 31 20 
6 6 5 5 6 0 6 7 12 12 12 8 8 16 16 8 20 20 20 16 23 23 20 27 27 27 20 27 27 31 20 
6 6 5 5 6 0 6 7 12 12 12 8 8 16 16 8 20 20 20 16 23 23 20 27 27 27 20 27 27 31 20 
8 1 1 8 8 8 8 0 8 8 12 8 
8 1 1 8 8 8 8 0 8 8 12 8 
8 1 1 8 8 8 8 0 8 8 12 8 
8 1 1 8 8 8 8 0 8 8 12 8 
3 3 0 3 7 7 4 3 13 13 13 13 8 13 18 18 18 13 20 18 22 18 13 13 24 
3 3 0 3 7 7 4 3 13 13 13 13 8 13 18 18 18 13 20 18 22 18 13 13 24 
3 3 0 3 7 7 4 3 13 13 13 13 8 13 18 18 18 13 20 18 22 18 13 13 24 
3 3 0 3 7 7 4 3 13 13 13 13 8 13 18 18 18 13 20 18 22 18 13 13 24 
2 5 5 5 0 7 5 5 13 9 9 13 5 13 14 14 
2 5 5 5 0 7 5 5 13 9 9 13 5 13 14 14 
2 5 5 5 0 7 5 5 13 9 9 13 5 13 14 14 
2 5 5 5 0 7 5 5 13 9 9 13 5 13 14 14 
3 3 12 5 3 8 8 12 8 8 12 0 
3 3 12 5 3 8 8 12 8 8 12 0 
3 3 12 5 3 8 8 12 8 8 12 0 
3 3 12 5 3 8 8 12 8 8 12 0 
4 4 4 6 6 0 6 7 7 
4 4 4 6 6 0 6 7 7 
4 4 4 6 6 0 6 7 7 
4 4 4 6 6 0 6 7 7 
2 0 2 2 4 4 4 4 8 8 8 8 8 8 14 14 
2 0 2 2 4 4 4 4 8 8 8 8 8 8 14 14 
2 0 2 2 4 4 4 4 8 8 8 8 8 8 14 14 
2 0 2 2 4 4 4 4 8 8 8 8 8 8 14 14 
6 4 4 6 6 0 8 6 10 8 12 10 8 8 
6 4 4 6 6 0 8 6 10 8 12 10 8 8 
6 4 4 6 6 0 8 6 10 8 12 10 8 8 
6 4 4 6 6 0 8 6 10 8 12 10 8 8 
6 1 1 6 6 0 8 6 
6 1 1 6 6 0 8 6 
6 1 1 6 6 0 8 6 
6 1 1 6 6 0 8 6 
8 8 8 8 8 8 8 0 11 11 8 8 14 16 16 8 16 16 20 18 22 18 16 16 
8 8 8 8 8 8 8 0 11 11 8 8 14 16 16 8 16 16 20 18 22 18 16 16 
8 8 8 8 8 8 8 0 11 11 8 8 14 16 16 8 16 16 20 18 22 18 16 16 
8 8 8 8 8 8 8 0 11 11 8 8 14 16 16 8 16 16 20 18 22 18 16 16 
3 3 6 5 3 0 6 7 10 7 15 15 15 15 10 18 18 15 
3 3 6 5 3 0 6 7 10 7 15 15 15 15 10 18 18 15 
3 3 6 5 3 0 6 7 10 7 15 15 15 15 10 18 18 15 
3 3 6 5 3 0 6 7 10 7 15 15 15 15 10 18 18 15 
3 3 0 3 3 5 5 
3 3 0 3 3 5 5 
3 3 0 3 3 5 5 
3 3 0 3 3 5 5 
2 8 5 5 8 5 5 0 11 11 8 
2 8 5 5 8 5 5 0 11 11 8 
2 8 5 5 8 5 5 0 11 11 8 
2 8 5 5 8 5 5 0 11 11 8 
2 0 4 2 2 2 8 6 8 8 6 14 14 6 
2 0 4 2 2 2 8 6 8 8 6 14 14 6 
2 0 4 2 2 2 8 6 8 8 6 14 14 6 
2 0 4 2 2 2 8 6 8 8 6 14 14 6 
2 11 11 11 11 11 11 10 10 11 0 13 11 16 16 13 21 21 21 21 16 16 
2 11 11 11 11 11 11 10 10 11 0 13 11 16 16 13 21 21 21 21 16 16 
2 11 11 11 11 11 11 10 10 11 0 13 11 16 16 13 21 21 21 21 16 16 
2 11 11 11 11 11 11 10 10 11 0 13 11 16 16 13 21 21 21 21 16 16 
7 1 1 7 7 7 0 9 7 9 9 7 15 15 7 18 18 15 15 
7 1 1 7 7 7 0 9 7 9 9 7 15 15 7 18 18 15 15 
7 1 1 7 7 7 0 9 7 9 9 7 15 15 7 18 18 15 15 
7 1 1 7 7 7 0 9 7 9 9 7 15 15 7 18 18 15 15 
2 4 4 6 6 0 13 13 13 13 13 13 6 16 16 13 16 19 17 
2 4 4 6 6 0 13 13 13 13 13 13 6 16 16 13 16 19 17 
2 4 4 6 6 0 13 13 13 13 13 13 6 16 16 13 16 19 17 
2 4 4 6 6 0 13 13 13 13 13 13 6 16 16 13 16 19 17 
3 3 0 5 6 3 8 6 10 8 3 3 
3 3 0 5 6 3 8 6 10 8 3 3 
3 3 0 5 6 3 8 6 10 8 3 3 
3 3 0 5 6 3 8 6 10 8 3 3 
2 9 4 2 2 2 9 9 0 13 13 13 9 15 13 15 15 20 20 15 23 23 20 23 23 23 
2 9 4 2 2 2 9 9 0 13 13 13 9 15 13 15 15 20 20 15 23 23 20 23 23 23 
2 9 4 2 2 2 9 9 0 13 13 13 9 15 13 15 15 20 20 15 23 23 20 23 23 23 
2 9 4 2 2 2 9 9 0 13 13 13 9 15 13 15 15 20 20 15 23 23 20 23 23 23 
5 1 1 5 0 7 5 7 7 7 
5 1 1 5 0 7 5 7 7 7 
5 1 1 5 0 7 5 7 7 7 
5 1 1 5 0 7 5 7 7 7 
3 3 0 6 6 8 8 18 10 8 14 14 14 10 10 18 18 3 20 18 22 20 24 30 28 27 28 30 30 20 30 30 32 32 30 30 
3 3 0 6 6 8 8 18 10 8 14 14 14 10 10 18 18 3 20 18 22 20 24 30 28 27 28 30 30 20 30 30 32 32 30 30 
3 3 0 6 6 8 8 18 10 8 14 14 14 10 10 18 18 3 20 18 22 20 24 30 28 27 28 30 30 20 30 30 32 32 30 30 
3 3 0 6 6 8 8 18 10 8 14 14 14 10 10 18 18 3 20 18 22 20 24 30 28 27 28 30 30 20 30 30 32 32 30 30 
0 1 4 1 4 7 5 7 7 7 4 4 4 16 16 13 20 20 20 16 22 20 24 22 
0 1 4 1 4 7 5 7 7 7 4 4 4 16 16 13 20 20 20 16 22 20 24 22 
0 1 4 1 4 7 5 7 7 7 4 4 4 16 16 13 20 20 20 16 22 20 24 22 
0 1 4 1 4 7 5 7 7 7 4 4 4 16 16 13 20 20 20 16 22 20 24 22 
0 1 4 2 6 4 4 9 4 9 13 13 9 21 21 21 21 21 21 21 13 21 
0 1 4 2 6 4 4 9 4 9 13 13 9 21 21 21 21 21 21 21 13 21 
0 1 4 2 6 4 4 9 4 9 13 13 9 21 21 21 21 21 21 21 13 21 
0 1 4 2 6 4 4 9 4 9 13 13 9 21 21 21 21 21 21 21 13 21 
4 4 4 0 7 7 4 11 11 11 7 14 14 11 14 17 20 20 20 14 22 20 24 22 
4 4 4 0 7 7 4 11 11 11 7 14 14 11 14 17 20 20 20 14 22 20 24 22 
4 4 4 0 7 7 4 11 11 11 7 14 14 11 14 17 20 20 20 14 22 20 24 22 
4 4 4 0 7 7 4 11 11 11 7 14 14 11 14 17 20 20 20 14 22 20 24 22 
5 5 5 5 9 5 5 9 0 13 13 13 9 9 16 9 18 16 20 22 22 18 
5 5 5 5 9 5 5 9 0 13 13 13 9 9 16 9 18 16 20 22 22 18 
5 5 5 5 9 5 5 9 0 13 13 13 9 9 16 9 18 16 20 22 22 18 
5 5 5 5 9 5 5 9 0 13 13 13 9 9 16 9 18 16 20 22 22 18 
3 3 0 6 6 3 6 6 10 6 14 14 14 10 17 17 23 19 23 23 23 23 14 
3 3 0 6 6 3 6 6 10 6 14 14 14 10 17 17 23 19 23 23 23 23 14 
3 3 0 6 6 3 6 6 10 6 14 14 14 10 17 17 23 19 23 23 23 23 14 
3 3 0 6 6 3 6 6 10 6 14 14 14 10 17 17 23 19 23 23 23 23 14 
3 3 0 3 3 
3 3 0 3 3 
3 3 0 3 3 
3 3 0 3 3 
5 1 1 5 0 5 5 9 7 15 15 15 12 12 9 5 5 
5 1 1 5 0 5 5 9 7 15 15 15 12 12 9 5 5 
5 1 1 5 0 5 5 9 7 15 15 15 12 12 9 5 5 
5 1 1 5 0 5 5 9 7 15 15 15 12 12 9 5 5 
12 4 4 1 12 9 9 9 12 9 12 0 16 16 16 12 18 16 16 16 
12 4 4 1 12 9 9 9 12 9 12 0 16 16 16 12 18 16 16 16 
12 4 4 1 12 9 9 9 12 9 12 0 16 16 16 12 18 16 16 16 
12 4 4 1 12 9 9 9 12 9 12 0 16 16 16 12 18 16 16 16 
4 4 4 12 6 4 8 4 8 12 12 0 12 15 12 
4 4 4 12 6 4 8 4 8 12 12 0 12 15 12 
4 4 4 12 6 4 8 4 8 12 12 0 12 15 12 
4 4 4 12 6 4 8 4 8 12 12 0 12 15 12 
10 1 4 1 7 7 4 10 10 0 14 14 14 10 14 
10 1 4 1 7 7 4 10 10 0 14 14 14 10 14 
10 1 4 1 7 7 4 10 10 0 14 14 14 10 14 
10 1 4 1 7 7 4 10 10 0 14 14 14 10 14 
0 1 5 5 2 2 8 2 14 14 13 13 14 8 14 18 18 15 20 18 1 1 
0 1 5 5 2 2 8 2 14 14 13 13 14 8 14 18 18 15 20 18 1 1 
0 1 5 5 2 2 8 2 14 14 13 13 14 8 14 18 18 15 20 18 1 1 
0 1 5 5 2 2 8 2 14 14 13 13 14 8 14 18 18 15 20 18 1 1 
4 4 4 12 12 12 12 12 12 12 12 0 
4 4 4 12 12 12 12 12 12 12 12 0 
4 4 4 12 12 12 12 12 12 12 12 0 
4 4 4 12 12 12 12 12 12 12 12 0 
2 0 5 5 2 5 9 9 6 5 12 5 
2 0 5 5 2 5 9 9 6 5 12 5 
2 0 5 5 2 5 9 9 6 5 12 5 
2 0 5 5 2 5 9 9 6 5 12 5 
2 15 6 6 6 15 6 6 6 15 15 14 14 15 0 20 20 20 20 15 23 23 20 27 27 27 23 31 31 31 27 
2 15 6 6 6 15 6 6 6 15 15 14 14 15 0 20 20 20 20 15 23 23 20 27 27 27 23 31 31 31 27 
2 15 6 6 6 15 6 6 6 15 15 14 14 15 0 20 20 20 20 15 23 23 20 27 27 27 23 31 31 31 27 
2 15 6 6 6 15 6 6 6 15 15 14 14 15 0 20 20 20 20 15 23 23 20 27 27 27 23 31 31 31 27 
0 1 4 1 6 4 8 6 8 8 8 8 8 17 17 17 6 17 17 
0 1 4 1 6 4 8 6 8 8 8 8 8 17 17 17 6 17 17 
0 1 4 1 6 4 8 6 8 8 8 8 8 17 17 17 6 17 17 
0 1 4 1 6 4 8 6 8 8 8 8 8 17 17 17 6 17 17 
0 3 1 5 3 7 5 3 3 11 3 15 15 15 11 
0 3 1 5 3 7 5 3 3 11 3 15 15 15 11 
0 3 1 5 3 7 5 3 3 11 3 15 15 15 11 
0 3 1 5 3 7 5 3 3 11 3 15 15 15 11 
2 6 6 6 6 0 6 6 
2 6 6 6 6 0 6 6 
2 6 6 6 6 0 6 6 
2 6 6 6 6 0 6 6 
2 5 5 5 0 9 9 9 5 9 16 14 14 16 16 9 19 19 16 22 22 19 
2 5 5 5 0 9 9 9 5 9 16 14 14 16 16 9 19 19 16 22 22 19 
2 5 5 5 0 9 9 9 5 9 16 14 14 16 16 9 19 19 16 22 22 19 
2 5 5 5 0 9 9 9 5 9 16 14 14 16 16 9 19 19 16 22 22 19 
6 4 4 6 6 0 8 6 10 8 8 8 
6 4 4 6 6 0 8 6 10 8 8 8 
6 4 4 6 6 0 8 6 10 8 8 8 
6 4 4 6 6 0 8 6 10 8 8 8 
3 3 4 0 6 4 6 6 4 13 13 13 4 
3 3 4 0 6 4 6 6 4 13 13 13 4 
3 3 4 0 6 4 6 6 4 13 13 13 4 
3 3 4 0 6 4 6 6 4 13 13 13 4 
3 3 0 5 3 3 3 12 12 12 12 7 7 7 14 14 
3 3 0 5 3 3 3 12 12 12 12 7 7 7 14 14 
3 3 0 5 3 3 3 12 12 12 12 7 7 7 14 14 
3 3 0 5 3 3 3 12 12 12 12 7 7 7 14 14 
5 1 1 5 0 5 5 5 10 5 14 14 14 10 10 18 18 15 18 21 19 23 21 23 23 
5 1 1 5 0 5 5 5 10 5 14 14 14 10 10 18 18 15 18 21 19 23 21 23 23 
5 1 1 5 0 5 5 5 10 5 14 14 14 10 10 18 18 15 18 21 19 23 21 23 23 
5 1 1 5 0 5 5 5 10 5 14 14 14 10 10 18 18 15 18 21 19 23 21 23 23 
2 0 4 5 12 7 5 5 11 11 5 2 12 
2 0 4 5 12 7 5 5 11 11 5 2 12 
2 0 4 5 12 7 5 5 11 11 5 2 12 
2 0 4 5 12 7 5 5 11 11 5 2 12 
2 7 7 7 7 7 0 7 10 7 10 13 10 7 
2 7 7 7 7 7 0 7 10 7 10 13 10 7 
2 7 7 7 7 7 0 7 10 7 10 13 10 7 
2 7 7 7 7 7 0 7 10 7 10 13 10 7 
2 0 2 5 2 8 8 5 2 2 13 13 2 15 16 17 13 
2 0 2 5 2 8 8 5 2 2 13 13 2 15 16 17 13 
2 0 2 5 2 8 8 5 2 2 13 13 2 15 16 17 13 
2 0 2 5 2 8 8 5 2 2 13 13 2 15 16 17 13 
8 1 1 8 8 7 8 0 
8 1 1 8 8 7 8 0 
8 1 1 8 8 7 8 0 
8 1 1 8 8 7 8 0 
0 6 6 6 6 1 6 12 12 12 12 6 12 15 12 
0 6 6 6 6 1 6 12 12 12 12 6 12 15 12 
0 6 6 6 6 1 6 12 12 12 12 6 12 15 12 
0 6 6 6 6 1 6 12 12 12 12 6 12 15 12 
4 1 1 0 9 7 9 9 4 9 9 13 9 15 13 18 18 15 20 15 20 23 20 
4 1 1 0 9 7 9 9 4 9 9 13 9 15 13 18 18 15 20 15 20 23 20 
4 1 1 0 9 7 9 9 4 9 9 13 9 15 13 18 18 15 20 15 20 23 20 
4 1 1 0 9 7 9 9 4 9 9 13 9 15 13 18 18 15 20 15 20 23 20 
11 1 1 5 3 11 11 9 11 11 0 14 14 11 17 17 14 
11 1 1 5 3 11 11 9 11 11 0 14 14 11 17 17 14 
11 1 1 5 3 11 11 9 11 11 0 14 14 11 17 17 14 
11 1 1 5 3 11 11 9 11 11 0 14 14 11 17 17 14 
6 1 1 6 6 0 6 10 10 7 
6 1 1 6 6 0 6 10 10 7 
6 1 1 6 6 0 6 10 10 7 
6 1 1 6 6 0 6 10 10 7 
9 1 1 3 3 1 1 9 0 9 12 9 12 9 18 18 18 9 9 23 23 23 9 26 26 23 
9 1 1 3 3 1 1 9 0 9 12 9 12 9 18 18 18 9 9 23 23 23 9 26 26 23 
9 1 1 3 3 1 1 9 0 9 12 9 12 9 18 18 18 9 9 23 23 23 9 26 26 23 
9 1 1 3 3 1 1 9 0 9 12 9 12 9 18 18 18 9 9 23 23 23 9 26 26 23 
3 3 0 5 11 7 5 5 5 5 3 11 15 15 12 
3 3 0 5 11 7 5 5 5 5 3 11 15 15 12 
3 3 0 5 11 7 5 5 5 5 3 11 15 15 12 
3 3 0 5 11 7 5 5 5 5 3 11 15 15 12 
5 1 1 5 0 18 18 10 10 18 17 17 17 15 13 17 10 5 20 18 23 23 20 25 23 27 28 25 28 28 32 30 36 36 36 28 38 36 38 
5 1 1 5 0 18 18 10 10 18 17 17 17 15 13 17 10 5 20 18 23 23 20 25 23 27 28 25 28 28 32 30 36 36 36 28 38 36 38 
5 1 1 5 0 18 18 10 10 18 17 17 17 15 13 17 10 5 20 18 23 23 20 25 23 27 28 25 28 28 32 30 36 36 36 28 38 36 38 
5 1 1 5 0 18 18 10 10 18 17 17 17 15 13 17 10 5 20 18 23 23 20 25 23 27 28 25 28 28 32 30 36 36 36 28 38 36 38 
0 1 4 1 8 8 8 4 13 13 13 13 4 16 16 13 18 16 
0 1 4 1 8 8 8 4 13 13 13 13 4 16 16 13 18 16 
0 1 4 1 8 8 8 4 13 13 13 13 4 16 16 13 18 16 
0 1 4 1 8 8 8 4 13 13 13 13 4 16 16 13 18 16 
7 7 7 7 7 7 0 
7 7 7 7 7 7 0 
7 7 7 7 7 7 0 
7 7 7 7 7 7 0 
2 17 6 6 6 2 8 6 10 8 17 17 17 17 17 17 0 17 18 17 
2 17 6 6 6 2 8 6 10 8 17 17 17 17 17 17 0 17 18 17 
2 17 6 6 6 2 8 6 10 8 17 17 17 17 17 17 0 17 18 17 
2 17 6 6 6 2 8 6 10 8 17 17 17 17 17 17 0 17 18 17 
2 0 2 5 7 7 2 7 12 12 12 7 
2 0 2 5 7 7 2 7 12 12 12 7 
2 0 2 5 7 7 2 7 12 12 12 7 
2 0 2 5 7 7 2 7 12 12 12 7 
4 4 4 0 6 4 4 10 10 4 10 11 11 11 18 18 18 11 21 21 18 23 21 25 21 28 28 25 
4 4 4 0 6 4 4 10 10 4 10 11 11 11 18 18 18 11 21 21 18 23 21 25 21 28 28 25 
4 4 4 0 6 4 4 10 10 4 10 11 11 11 18 18 18 11 21 21 18 23 21 25 21 28 28 25 
4 4 4 0 6 4 4 10 10 4 10 11 11 11 18 18 18 11 21 21 18 23 21 25 21 28 28 25 
6 1 1 6 6 0 6 9 6 9 9 6 6 17 17 17 6 
6 1 1 6 6 0 6 9 6 9 9 6 6 17 17 17 6 
6 1 1 6 6 0 6 9 6 9 9 6 6 17 17 17 6 
6 1 1 6 6 0 6 9 6 9 9 6 6 17 17 17 6 
3 3 0 5 3 7 5 7 7 7 7 11 11 3 16 3 16 16 3 
3 3 0 5 3 7 5 7 7 7 7 11 11 3 16 3 16 16 3 
3 3 0 5 3 7 5 7 7 7 7 11 11 3 16 3 16 16 3 
3 3 0 5 3 7 5 7 7 7 7 11 11 3 16 3 16 16 3 
0 1 4 1 
0 1 4 1 
0 1 4 1 
0 1 4 1 
0 1 4 1 6 4 9 9 6 4 13 13 4 15 13 17 15 17 17 22 22 19 
0 1 4 1 6 4 9 9 6 4 13 13 4 15 13 17 15 17 17 22 22 19 
0 1 4 1 6 4 9 9 6 4 13 13 4 15 13 17 15 17 17 22 22 19 
0 1 4 1 6 4 9 9 6 4 13 13 4 15 13 17 15 17 17 22 22 19 
2 0 2 3 3 10 10 10 10 2 
2 0 2 3 3 10 10 10 10 2 
2 0 2 3 3 10 10 10 10 2 
2 0 2 3 3 10 10 10 10 2 
0 1 4 2 1 1 
0 1 4 2 1 1 
0 1 4 2 1 1 
0 1 4 2 1 1 
6 1 5 5 1 0 8 6 8 13 13 13 8 8 8 17 8 8 20 8 22 20 8 8 24 24 28 8 30 28 33 33 30 33 33 37 33 6 41 41 6 44 44 41 
6 1 5 5 1 0 8 6 8 13 13 13 8 8 8 17 8 8 20 8 22 20 8 8 24 24 28 8 30 28 33 33 30 33 33 37 33 6 41 41 6 44 44 41 
6 1 5 5 1 0 8 6 8 13 13 13 8 8 8 17 8 8 20 8 22 20 8 8 24 24 28 8 30 28 33 33 30 33 33 37 33 6 41 41 6 44 44 41 
6 1 5 5 1 0 8 6 8 13 13 13 8 8 8 17 8 8 20 8 22 20 8 8 24 24 28 8 30 28 33 33 30 33 33 37 33 6 41 41 6 44 44 41 
2 5 2 5 22 8 8 5 10 8 5 5 5 13 18 18 18 13 22 22 22 0 22 22 22 25 25 22 22 
2 5 2 5 22 8 8 5 10 8 5 5 5 13 18 18 18 13 22 22 22 0 22 22 22 25 25 22 22 
2 5 2 5 22 8 8 5 10 8 5 5 5 13 18 18 18 13 22 22 22 0 22 22 22 25 25 22 22 
2 5 2 5 22 8 8 5 10 8 5 5 5 13 18 18 18 13 22 22 22 0 22 22 22 25 25 22 22 
2 4 2 11 4 7 4 7 7 11 0 11 21 21 21 21 21 21 21 21 12 23 21 
2 4 2 11 4 7 4 7 7 11 0 11 21 21 21 21 21 21 21 21 12 23 21 
2 4 2 11 4 7 4 7 7 11 0 11 21 21 21 21 21 21 21 21 12 23 21 
2 4 2 11 4 7 4 7 7 11 0 11 21 21 21 21 21 21 21 21 12 23 21 
0 3 1 1 7 7 1 7 10 7 12 10 15 15 12 7 18 7 7 7 20 24 24 21 24 24 
0 3 1 1 7 7 1 7 10 7 12 10 15 15 12 7 18 7 7 7 20 24 24 21 24 24 
0 3 1 1 7 7 1 7 10 7 12 10 15 15 12 7 18 7 7 7 20 24 24 21 24 24 
0 3 1 1 7 7 1 7 10 7 12 10 15 15 12 7 18 7 7 7 20 24 24 21 24 24 
6 1 1 6 6 0 10 10 10 6 6 13 6 13 
6 1 1 6 6 0 10 10 10 6 6 13 6 13 
6 1 1 6 6 0 10 10 10 6 6 13 6 13 
6 1 1 6 6 0 10 10 10 6 6 13 6 13 
5 1 1 5 0 7 5 7 10 8 10 13 10 
5 1 1 5 0 7 5 7 10 8 10 13 10 
5 1 1 5 0 7 5 7 10 8 10 13 10 
5 1 1 5 0 7 5 7 10 8 10 13 10 
2 0 4 2 2 2 9 9 6 9 15 15 14 15 9 
2 0 4 2 2 2 9 9 6 9 15 15 14 15 9 
2 0 4 2 2 2 9 9 6 9 15 15 14 15 9 
2 0 4 2 2 2 9 9 6 9 15 15 14 15 9 
0 3 1 1 6 1 9 9 6 11 9 6 6 15 13 17 15 19 17 23 23 23 19 23 
0 3 1 1 6 1 9 9 6 11 9 6 6 15 13 17 15 19 17 23 23 23 19 23 
0 3 1 1 6 1 9 9 6 11 9 6 6 15 13 17 15 19 17 23 23 23 19 23 
0 3 1 1 6 1 9 9 6 11 9 6 6 15 13 17 15 19 17 23 23 23 19 23 
2 0 2 2 
2 0 2 2 
2 0 2 2 
2 0 2 2 
0 1 4 8 6 4 8 1 10 8 10 10 8 19 18 15 18 14 8 19 25 25 25 25 20 
0 1 4 8 6 4 8 1 10 8 10 10 8 19 18 15 18 14 8 19 25 25 25 25 20 
0 1 4 8 6 4 8 1 10 8 10 10 8 19 18 15 18 14 8 19 25 25 25 25 20 
0 1 4 8 6 4 8 1 10 8 10 10 8 19 18 15 18 14 8 19 25 25 25 25 20 
6 1 1 6 6 0 9 9 6 
6 1 1 6 6 0 9 9 6 
6 1 1 6 6 0 9 9 6 
6 1 1 6 6 0 9 9 6 
9 1 1 6 6 3 9 9 0 9 13 13 9 13 13 15 13 13 21 21 13 13 25 25 13 25 9 
9 1 1 6 6 3 9 9 0 9 13 13 9 13 13 15 13 13 21 21 13 13 25 25 13 25 9 
9 1 1 6 6 3 9 9 0 9 13 13 9 13 13 15 13 13 21 21 13 13 25 25 13 25 9 
9 1 1 6 6 3 9 9 0 9 13 13 9 13 13 15 13 13 21 21 13 13 25 25 13 25 9 
6 1 1 6 6 0 
6 1 1 6 6 0 
6 1 1 6 6 0 
6 1 1 6 6 0 
4 4 4 18 4 7 4 7 8 8 12 7 12 12 12 18 18 0 18 18 18 
4 4 4 18 4 7 4 7 8 8 12 7 12 12 12 18 18 0 18 18 18 
4 4 4 18 4 7 4 7 8 8 12 7 12 12 12 18 18 0 18 18 18 
4 4 4 18 4 7 4 7 8 8 12 7 12 12 12 18 18 0 18 18 18 
2 4 4 0 6 12 12 12 11 11 12 4 12 15 13 15 15 15 15 4 4 
2 4 4 0 6 12 12 12 11 11 12 4 12 15 13 15 15 15 15 4 4 
2 4 4 0 6 12 12 12 11 11 12 4 12 15 13 15 15 15 15 4 4 
2 4 4 0 6 12 12 12 11 11 12 4 12 15 13 15 15 15 15 4 4 
0 1 1 7 7 7 3 
0 1 1 7 7 7 3 
0 1 1 7 7 7 3 
0 1 1 7 7 7 3 
6 6 6 6 6 0 6 6 8 8 13 13 8 15 13 6 6 
6 6 6 6 6 0 6 6 8 8 13 13 8 15 13 6 6 
6 6 6 6 6 0 6 6 8 8 13 13 8 15 13 6 6 
6 6 6 6 6 0 6 6 8 8 13 13 8 15 13 6 6 
5 5 5 5 0 8 8 5 8 8 5 17 17 17 17 17 5 
5 5 5 5 0 8 8 5 8 8 5 17 17 17 17 17 5 
5 5 5 5 0 8 8 5 8 8 5 17 17 17 17 17 5 
5 5 5 5 0 8 8 5 8 8 5 17 17 17 17 17 5 
3 3 13 3 6 3 13 10 10 13 10 13 0 15 13 13 20 20 20 16 23 23 20 13 30 30 30 30 30 13 32 30 32 32 13 
3 3 13 3 6 3 13 10 10 13 10 13 0 15 13 13 20 20 20 16 23 23 20 13 30 30 30 30 30 13 32 30 32 32 13 
3 3 13 3 6 3 13 10 10 13 10 13 0 15 13 13 20 20 20 16 23 23 20 13 30 30 30 30 30 13 32 30 32 32 13 
3 3 13 3 6 3 13 10 10 13 10 13 0 15 13 13 20 20 20 16 23 23 20 13 30 30 30 30 30 13 32 30 32 32 13 
3 3 0 5 3 3 10 7 7 3 12 10 14 12 10 10 
3 3 0 5 3 3 10 7 7 3 12 10 14 12 10 10 
3 3 0 5 3 3 10 7 7 3 12 10 14 12 10 10 
3 3 0 5 3 3 10 7 7 3 12 10 14 12 10 10 
0 4 4 1 6 4 6 9 6 12 12 9 12 12 1 1 1 19 17 21 19 26 26 23 26 21 17 33 33 33 33 33 17 
0 4 4 1 6 4 6 9 6 12 12 9 12 12 1 1 1 19 17 21 19 26 26 23 26 21 17 33 33 33 33 33 17 
0 4 4 1 6 4 6 9 6 12 12 9 12 12 1 1 1 19 17 21 19 26 26 23 26 21 17 33 33 33 33 33 17 
0 4 4 1 6 4 6 9 6 12 12 9 12 12 1 1 1 19 17 21 19 26 26 23 26 21 17 33 33 33 33 33 17 
9 9 4 9 9 7 8 9 0 
9 9 4 9 9 7 8 9 0 
9 9 4 9 9 7 8 9 0 
9 9 4 9 9 7 8 9 0 
2 0 7 7 7 7 2 2 14 14 13 13 14 2 18 15 15 14 2 2 
2 0 7 7 7 7 2 2 14 14 13 13 14 2 18 15 15 14 2 2 
2 0 7 7 7 7 2 2 14 14 13 13 14 2 18 15 15 14 2 2 
2 0 7 7 7 7 2 2 14 14 13 13 14 2 18 15 15 14 2 2 
2 0 4 2 4 9 9 9 4 15 15 15 14 15 9 2 2 20 20 2 23 23 20 23 26 24 
2 0 4 2 4 9 9 9 4 15 15 15 14 15 9 2 2 20 20 2 23 23 20 23 26 24 
2 0 4 2 4 9 9 9 4 15 15 15 14 15 9 2 2 20 20 2 23 23 20 23 26 24 
2 0 4 2 4 9 9 9 4 15 15 15 14 15 9 2 2 20 20 2 23 23 20 23 26 24 
0 1 1 6 6 3 6 10 10 6 10 10 6 15 6 19 19 19 15 15 22 15 24 22 27 27 24 31 31 31 27 27 34 27 
0 1 1 6 6 3 6 10 10 6 10 10 6 15 6 19 19 19 15 15 22 15 24 22 27 27 24 31 31 31 27 27 34 27 
0 1 1 6 6 3 6 10 10 6 10 10 6 15 6 19 19 19 15 15 22 15 24 22 27 27 24 31 31 31 27 27 34 27 
0 1 1 6 6 3 6 10 10 6 10 10 6 15 6 19 19 19 15 15 22 15 24 22 27 27 24 31 31 31 27 27 34 27 
3 3 0 5 3 7 5 3 3 
3 3 0 5 3 7 5 3 3 
3 3 0 5 3 7 5 3 3 
3 3 0 5 3 7 5 3 3 
2 0 2 7 7 7 2 9 7 15 13 13 15 15 7 15 
2 0 2 7 7 7 2 9 7 15 13 13 15 15 7 15 
2 0 2 7 7 7 2 9 7 15 13 13 15 15 7 15 
2 0 2 7 7 7 2 9 7 15 13 13 15 15 7 15 
5 1 1 5 0 
5 1 1 5 0 
5 1 1 5 0 
5 1 1 5 0 
8 1 1 8 8 7 8 0 10 8 14 14 14 10 17 17 14 20 20 17 8 23 8 23 23 28 28 23 31 31 28 33 31 35 33 
8 1 1 8 8 7 8 0 10 8 14 14 14 10 17 17 14 20 20 17 8 23 8 23 23 28 28 23 31 31 28 33 31 35 33 
8 1 1 8 8 7 8 0 10 8 14 14 14 10 17 17 14 20 20 17 8 23 8 23 23 28 28 23 31 31 28 33 31 35 33 
8 1 1 8 8 7 8 0 10 8 14 14 14 10 17 17 14 20 20 17 8 23 8 23 23 28 28 23 31 31 28 33 31 35 33 
4 4 4 0 6 4 8 13 13 11 13 13 6 16 16 13 4 19 4 21 19 25 25 25 21 25 28 25 21 21 32 30 32 35 32 37 35 37 38 37 42 43 37 45 43 48 48 43 43 43 
4 4 4 0 6 4 8 13 13 11 13 13 6 16 16 13 4 19 4 21 19 25 25 25 21 25 28 25 21 21 32 30 32 35 32 37 35 37 38 37 42 43 37 45 43 48 48 43 43 43 
4 4 4 0 6 4 8 13 13 11 13 13 6 16 16 13 4 19 4 21 19 25 25 25 21 25 28 25 21 21 32 30 32 35 32 37 35 37 38 37 42 43 37 45 43 48 48 43 43 43 
4 4 4 0 6 4 8 13 13 11 13 13 6 16 16 13 4 19 4 21 19 25 25 25 21 25 28 25 21 21 32 30 32 35 32 37 35 37 38 37 42 43 37 45 43 48 48 43 43 43 
6 6 6 6 6 0 6 6 
6 6 6 6 6 0 6 6 
6 6 6 6 6 0 6 6 
6 6 6 6 6 0 6 6 
0 1 6 6 6 1 10 10 10 6 
0 1 6 6 6 1 10 10 10 6 
0 1 6 6 6 1 10 10 10 6 
0 1 6 6 6 1 10 10 10 6 
0 1 4 1 1 1 6 10 10 6 14 14 14 10 
0 1 4 1 1 1 6 10 10 6 14 14 14 10 
0 1 4 1 1 1 6 10 10 6 14 14 14 10 
0 1 4 1 1 1 6 10 10 6 14 14 14 10 
2 0 7 7 7 7 2 10 10 7 14 14 14 10 14 17 14 
2 0 7 7 7 7 2 10 10 7 14 14 14 10 14 17 14 
2 0 7 7 7 7 2 10 10 7 14 14 14 10 14 17 14 
2 0 7 7 7 7 2 10 10 7 14 14 14 10 14 17 14 
10 1 1 3 3 1 1 10 10 0 14 14 14 10 16 14 
10 1 1 3 3 1 1 10 10 0 14 14 14 10 16 14 
10 1 1 3 3 1 1 10 10 0 14 14 14 10 16 14 
10 1 1 3 3 1 1 10 10 0 14 14 14 10 16 14 
2 5 5 5 9 9 9 9 0 11 9 15 15 15 11 17 15 17 21 21 18 23 21 
2 5 5 5 9 9 9 9 0 11 9 15 15 15 11 17 15 17 21 21 18 23 21 
2 5 5 5 9 9 9 9 0 11 9 15 15 15 11 17 15 17 21 21 18 23 21 
2 5 5 5 9 9 9 9 0 11 9 15 15 15 11 17 15 17 21 21 18 23 21 
2 0 4 2 2 2 
2 0 4 2 2 2 
2 0 4 2 2 2 
2 0 4 2 2 2 
2 0 4 2 2 10 10 10 10 2 12 10 
2 0 4 2 2 10 10 10 10 2 12 10 
2 0 4 2 2 10 10 10 10 2 12 10 
2 0 4 2 2 10 10 10 10 2 12 10 
2 0 2 5 2 8 8 5 5 9 13 13 9 15 13 13 13 17 
2 0 2 5 2 8 8 5 5 9 13 13 9 15 13 13 13 17 
2 0 2 5 2 8 8 5 5 9 13 13 9 15 13 13 13 17 
2 0 2 5 2 8 8 5 5 9 13 13 9 15 13 13 13 17 
6 6 6 6 6 0 6 7 7 6 6 11 14 15 12 
6 6 6 6 6 0 6 7 7 6 6 11 14 15 12 
6 6 6 6 6 0 6 7 7 6 6 11 14 15 12 
6 6 6 6 6 0 6 7 7 6 6 11 14 15 12 
4 4 4 0 4 5 6 6 11 11 8 6 6 13 16 14 
4 4 4 0 4 5 6 6 11 11 8 6 6 13 16 14 
4 4 4 0 4 5 6 6 11 11 8 6 6 13 16 14 
4 4 4 0 4 5 6 6 11 11 8 6 6 13 16 14 
6 1 1 6 6 0 
6 1 1 6 6 0 
6 1 1 6 6 0 
6 1 1 6 6 0 
2 8 4 2 2 2 8 0 
2 8 4 2 2 2 8 0 
2 8 4 2 2 2 8 0 
2 8 4 2 2 2 8 0 
0 1 4 1 7 7 4 7 10 7 
0 1 4 1 7 7 4 7 10 7 
0 1 4 1 7 7 4 7 10 7 
0 1 4 1 7 7 4 7 10 7 
2 4 4 0 6 4 8 6 4 4 
2 4 4 0 6 4 8 6 4 4 
2 4 4 0 6 4 8 6 4 4 
2 4 4 0 6 4 8 6 4 4 
2 5 4 2 0 7 5 5 18 18 12 18 18 15 18 15 15 5 20 18 18 5 5 23 24 24 26 29 26 33 33 33 29 37 37 37 29 37 38 5 
2 5 4 2 0 7 5 5 18 18 12 18 18 15 18 15 15 5 20 18 18 5 5 23 24 24 26 29 26 33 33 33 29 37 37 37 29 37 38 5 
2 5 4 2 0 7 5 5 18 18 12 18 18 15 18 15 15 5 20 18 18 5 5 23 24 24 26 29 26 33 33 33 29 37 37 37 29 37 38 5 
2 5 4 2 0 7 5 5 18 18 12 18 18 15 18 15 15 5 20 18 18 5 5 23 24 24 26 29 26 33 33 33 29 37 37 37 29 37 38 5 
2 10 10 5 10 7 5 10 10 0 10 18 12 12 18 18 18 10 
2 10 10 5 10 7 5 10 10 0 10 18 12 12 18 18 18 10 
2 10 10 5 10 7 5 10 10 0 10 18 12 12 18 18 18 10 
2 10 10 5 10 7 5 10 10 0 10 18 12 12 18 18 18 10 
5 1 1 1 0 7 5 9 7 5 5 
5 1 1 1 0 7 5 9 7 5 5 
5 1 1 1 0 7 5 9 7 5 5 
5 1 1 1 0 7 5 9 7 5 5 
2 10 5 5 2 5 8 5 10 0 10 10 
2 10 5 5 2 5 8 5 10 0 10 10 
2 10 5 5 2 5 8 5 10 0 10 10 
2 10 5 5 2 5 8 5 10 0 10 10 
2 5 5 5 0 5 5 5 14 14 12 14 12 5 14 17 14 14 22 19 19 14 
2 5 5 5 0 5 5 5 14 14 12 14 12 5 14 17 14 14 22 19 19 14 
2 5 5 5 0 5 5 5 14 14 12 14 12 5 14 17 14 14 22 19 19 14 
2 5 5 5 0 5 5 5 14 14 12 14 12 5 14 17 14 14 22 19 19 14 
5 1 1 5 0 
5 1 1 5 0 
5 1 1 5 0 
5 1 1 5 0 
3 3 0 3 4 7 5 7 10 8 13 13 10 
3 3 0 3 4 7 5 7 10 8 13 13 10 
3 3 0 3 4 7 5 7 10 8 13 13 10 
3 3 0 3 4 7 5 7 10 8 13 13 10 
3 3 19 3 6 4 10 10 10 6 10 10 3 3 19 19 19 19 0 
3 3 19 3 6 4 10 10 10 6 10 10 3 3 19 19 19 19 0 
3 3 19 3 6 4 10 10 10 6 10 10 3 3 19 19 19 19 0 
3 3 19 3 6 4 10 10 10 6 10 10 3 3 19 19 19 19 0 
0 3 1 8 7 7 8 1 10 8 10 10 15 15 12 
0 3 1 8 7 7 8 1 10 8 10 10 15 15 12 
0 3 1 8 7 7 8 1 10 8 10 10 15 15 12 
0 3 1 8 7 7 8 1 10 8 10 10 15 15 12 
2 10 2 2 10 7 10 10 10 0 13 13 10 13 16 13 19 19 10 
2 10 2 2 10 7 10 10 10 0 13 13 10 13 16 13 19 19 10 
2 10 2 2 10 7 10 10 10 0 13 13 10 13 16 13 19 19 10 
2 10 2 2 10 7 10 10 10 0 13 13 10 13 16 13 19 19 10 
8 1 1 8 8 8 8 0 
8 1 1 8 8 8 8 0 
8 1 1 8 8 8 8 0 
8 1 1 8 8 8 8 0 
2 7 7 7 7 7 0 7 10 7 10 10 15 15 12 15 15 7 7 
2 7 7 7 7 7 0 7 10 7 10 10 15 15 12 15 15 7 7 
2 7 7 7 7 7 0 7 10 7 10 10 15 15 12 15 15 7 7 
2 7 7 7 7 7 0 7 10 7 10 10 15 15 12 15 15 7 7 
4 4 4 11 4 7 5 11 11 11 0 13 11 13 16 13 19 19 16 21 11 
4 4 4 11 4 7 5 11 11 11 0 13 11 13 16 13 19 19 16 21 11 
4 4 4 11 4 7 5 11 11 11 0 13 11 13 16 13 19 19 16 21 11 
4 4 4 11 4 7 5 11 11 11 0 13 11 13 16 13 19 19 16 21 11 
5 5 5 5 0 8 8 5 8 11 8 5 20 13 13 13 13 13 20 5 
5 5 5 5 0 8 8 5 8 11 8 5 20 13 13 13 13 13 20 5 
5 5 5 5 0 8 8 5 8 11 8 5 20 13 13 13 13 13 20 5 
5 5 5 5 0 8 8 5 8 11 8 5 20 13 13 13 13 13 20 5 
3 3 5 5 0 7 5 5 5 
3 3 5 5 0 7 5 5 5 
3 3 5 5 0 7 5 5 5 
3 3 5 5 0 7 5 5 5 
2 0 4 2 9 9 9 9 4 11 9 2 2 
2 0 4 2 9 9 9 9 4 11 9 2 2 
2 0 4 2 9 9 9 9 4 11 9 2 2 
2 0 4 2 9 9 9 9 4 11 9 2 2 
3 3 0 3 3 5 12 12 12 11 12 6 3 3 17 17 3 22 22 22 22 17 25 25 17 27 25 27 27 
3 3 0 3 3 5 12 12 12 11 12 6 3 3 17 17 3 22 22 22 22 17 25 25 17 27 25 27 27 
3 3 0 3 3 5 12 12 12 11 12 6 3 3 17 17 3 22 22 22 22 17 25 25 17 27 25 27 27 
3 3 0 3 3 5 12 12 12 11 12 6 3 3 17 17 3 22 22 22 22 17 25 25 17 27 25 27 27 
0 1 4 12 4 4 12 12 12 12 12 1 14 12 14 14 14 19 14 
0 1 4 12 4 4 12 12 12 12 12 1 14 12 14 14 14 19 14 
0 1 4 12 4 4 12 12 12 12 12 1 14 12 14 14 14 19 14 
0 1 4 12 4 4 12 12 12 12 12 1 14 12 14 14 14 19 14 
9 1 1 9 9 9 9 9 0 14 14 14 14 9 14 15 15 20 20 14 24 24 24 20 
9 1 1 9 9 9 9 9 0 14 14 14 14 9 14 15 15 20 20 14 24 24 24 20 
9 1 1 9 9 9 9 9 0 14 14 14 14 9 14 15 15 20 20 14 24 24 24 20 
9 1 1 9 9 9 9 9 0 14 14 14 14 9 14 15 15 20 20 14 24 24 24 20 
2 0 2 6 6 2 10 7 10 6 10 10 10 15 10 2 2 
2 0 2 6 6 2 10 7 10 6 10 10 10 15 10 2 2 
2 0 2 6 6 2 10 7 10 6 10 10 10 15 10 2 2 
2 0 2 6 6 2 10 7 10 6 10 10 10 15 10 2 2 
2 9 2 5 2 5 5 9 0 11 9 11 12 11 
2 9 2 5 2 5 5 9 0 11 9 11 12 11 
2 9 2 5 2 5 5 9 0 11 9 11 12 11 
2 9 2 5 2 5 5 9 0 11 9 11 12 11 
0 1 4 1 9 9 6 6 4 1 1 
0 1 4 1 9 9 6 6 4 1 1 
0 1 4 1 9 9 6 6 4 1 1 
0 1 4 1 9 9 6 6 4 1 1 
0 1 6 5 6 1 10 10 10 6 
0 1 6 5 6 1 10 10 10 6 
0 1 6 5 6 1 10 10 10 6 
0 1 6 5 6 1 10 10 10 6 
5 5 5 5 0 7 5 9 7 5 5 16 16 16 16 23 18 16 18 23 23 23 5 
5 5 5 5 0 7 5 9 7 5 5 16 16 16 16 23 18 16 18 23 23 23 5 
5 5 5 5 0 7 5 9 7 5 5 16 16 16 16 23 18 16 18 23 23 23 5 
5 5 5 5 0 7 5 9 7 5 5 16 16 16 16 23 18 16 18 23 23 23 5 
5 1 1 5 0 7 9 9 5 11 9 14 14 11 17 17 14 
5 1 1 5 0 7 9 9 5 11 9 14 14 11 17 17 14 
5 1 1 5 0 7 9 9 5 11 9 14 14 11 17 17 14 
5 1 1 5 0 7 9 9 5 11 9 14 14 11 17 17 14 
7 1 1 7 6 7 0 7 7 11 7 11 14 11 14 17 14 14 20 14 11 23 11 11 26 27 29 29 11 29 
7 1 1 7 6 7 0 7 7 11 7 11 14 11 14 17 14 14 20 14 11 23 11 11 26 27 29 29 11 29 
7 1 1 7 6 7 0 7 7 11 7 11 14 11 14 17 14 14 20 14 11 23 11 11 26 27 29 29 11 29 
7 1 1 7 6 7 0 7 7 11 7 11 14 11 14 17 14 14 20 14 11 23 11 11 26 27 29 29 11 29 
0 3 1 7 6 7 1 7 1 1 14 14 14 1 17 17 14 21 21 21 17 25 25 25 14 25 14 29 14 31 29 14 35 35 36 14 
0 3 1 7 6 7 1 7 1 1 14 14 14 1 17 17 14 21 21 21 17 25 25 25 14 25 14 29 14 31 29 14 35 35 36 14 
0 3 1 7 6 7 1 7 1 1 14 14 14 1 17 17 14 21 21 21 17 25 25 25 14 25 14 29 14 31 29 14 35 35 36 14 
0 3 1 7 6 7 1 7 1 1 14 14 14 1 17 17 14 21 21 21 17 25 25 25 14 25 14 29 14 31 29 14 35 35 36 14 
3 3 0 5 3 7 5 7 8 8 12 7 
3 3 0 5 3 7 5 7 8 8 12 7 
3 3 0 5 3 7 5 7 8 8 12 7 
3 3 0 5 3 7 5 7 8 8 12 7 
0 1 4 1 8 8 8 4 1 12 12 1 12 
0 1 4 1 8 8 8 4 1 12 12 1 12 
0 1 4 1 8 8 8 4 1 12 12 1 12 
0 1 4 1 8 8 8 4 1 12 12 1 12 
5 1 1 5 0 5 11 11 11 11 5 5 14 5 17 17 18 14 18 21 18 23 21 14 14 
5 1 1 5 0 5 11 11 11 11 5 5 14 5 17 17 18 14 18 21 18 23 21 14 14 
5 1 1 5 0 5 11 11 11 11 5 5 14 5 17 17 18 14 18 21 18 23 21 14 14 
5 1 1 5 0 5 11 11 11 11 5 5 14 5 17 17 18 14 18 21 18 23 21 14 14 
8 1 1 8 8 8 8 0 11 11 8 
8 1 1 8 8 8 8 0 11 11 8 
8 1 1 8 8 8 8 0 11 11 8 
8 1 1 8 8 8 8 0 11 11 8 
6 1 1 6 6 0 6 6 
6 1 1 6 6 0 6 6 
6 1 1 6 6 0 6 6 
6 1 1 6 6 0 6 6 
0 1 5 5 1 9 9 9 5 5 14 14 14 5 19 19 19 19 14 
0 1 5 5 1 9 9 9 5 5 14 14 14 5 19 19 19 19 14 
0 1 5 5 1 9 9 9 5 5 14 14 14 5 19 19 19 19 14 
0 1 5 5 1 9 9 9 5 5 14 14 14 5 19 19 19 19 14 
4 4 4 13 4 8 8 5 11 11 13 13 0 15 13 15 15 15 15 13 22 20 25 25 26 22 26 29 26 26 33 33 26 35 33 38 38 35 33 33 
4 4 4 13 4 8 8 5 11 11 13 13 0 15 13 15 15 15 15 13 22 20 25 25 26 22 26 29 26 26 33 33 26 35 33 38 38 35 33 33 
4 4 4 13 4 8 8 5 11 11 13 13 0 15 13 15 15 15 15 13 22 20 25 25 26 22 26 29 26 26 33 33 26 35 33 38 38 35 33 33 
4 4 4 13 4 8 8 5 11 11 13 13 0 15 13 15 15 15 15 13 22 20 25 25 26 22 26 29 26 26 33 33 26 35 33 38 38 35 33 33 
3 3 20 6 6 3 3 9 3 11 9 3 14 20 20 17 20 20 20 26 22 20 20 26 26 0 
3 3 20 6 6 3 3 9 3 11 9 3 14 20 20 17 20 20 20 26 22 20 20 26 26 0 
3 3 20 6 6 3 3 9 3 11 9 3 14 20 20 17 20 20 20 26 22 20 20 26 26 0 
3 3 20 6 6 3 3 9 3 11 9 3 14 20 20 17 20 20 20 26 22 20 20 26 26 0 
0 3 1 5 3 3 10 7 7 3 13 13 10 
0 3 1 5 3 3 10 7 7 3 13 13 10 
0 3 1 5 3 3 10 7 7 3 13 13 10 
0 3 1 5 3 3 10 7 7 3 13 13 10 
3 3 0 6 6 3 6 6 10 8 13 13 8 6 16 6 18 16 6 6 
3 3 0 6 6 3 6 6 10 8 13 13 8 6 16 6 18 16 6 6 
3 3 0 6 6 3 6 6 10 8 13 13 8 6 16 6 18 16 6 6 
3 3 0 6 6 3 6 6 10 8 13 13 8 6 16 6 18 16 6 6 
2 0 5 5 2 8 8 5 8 11 9 13 9 2 2 15 15 21 21 21 17 23 21 23 23 23 
2 0 5 5 2 8 8 5 8 11 9 13 9 2 2 15 15 21 21 21 17 23 21 23 23 23 
2 0 5 5 2 8 8 5 8 11 9 13 9 2 2 15 15 21 21 21 17 23 21 23 23 23 
2 0 5 5 2 8 8 5 8 11 9 13 9 2 2 15 15 21 21 21 17 23 21 23 23 23 
2 0 2 3 3 3 3 11 11 11 7 14 14 11 
2 0 2 3 3 3 3 11 11 11 7 14 14 11 
2 0 2 3 3 3 3 11 11 11 7 14 14 11 
2 0 2 3 3 3 3 11 11 11 7 14 14 11 
4 3 4 0 7 7 4 9 4 4 4 11 14 11 
4 3 4 0 7 7 4 9 4 4 4 11 14 11 
4 3 4 0 7 7 4 9 4 4 4 11 14 11 
4 3 4 0 7 7 4 9 4 4 4 11 14 11 
6 6 6 6 6 0 9 9 6 9 12 9 
6 6 6 6 6 0 9 9 6 9 12 9 
6 6 6 6 6 0 9 9 6 9 12 9 
6 6 6 6 6 0 9 9 6 9 12 9 
2 0 2 3 6 4 6 7 7 9 9 7 7 2 17 17 2 20 20 17 
2 0 2 3 6 4 6 7 7 9 9 7 7 2 17 17 2 20 20 17 
2 0 2 3 6 4 6 7 7 9 9 7 7 2 17 17 2 20 20 17 
2 0 2 3 6 4 6 7 7 9 9 7 7 2 17 17 2 20 20 17 
3 3 0 5 3 3 11 11 11 11 3 15 15 15 11 19 19 19 11 22 22 19 22 26 26 22 19 29 19 33 33 33 29 35 33 29 
3 3 0 5 3 3 11 11 11 11 3 15 15 15 11 19 19 19 11 22 22 19 22 26 26 22 19 29 19 33 33 33 29 35 33 29 
3 3 0 5 3 3 11 11 11 11 3 15 15 15 11 19 19 19 11 22 22 19 22 26 26 22 19 29 19 33 33 33 29 35 33 29 
3 3 0 5 3 3 11 11 11 11 3 15 15 15 11 19 19 19 11 22 22 19 22 26 26 22 19 29 19 33 33 33 29 35 33 29 
0 1 1 1 7 7 1 1 1 12 12 1 16 16 16 12 1 19 1 1 20 
0 1 1 1 7 7 1 1 1 12 12 1 16 16 16 12 1 19 1 1 20 
0 1 1 1 7 7 1 1 1 12 12 1 16 16 16 12 1 19 1 1 20 
0 1 1 1 7 7 1 1 1 12 12 1 16 16 16 12 1 19 1 1 20 
2 0 4 2 2 7 2 
2 0 4 2 2 7 2 
2 0 4 2 2 7 2 
2 0 4 2 2 7 2 
9 3 1 3 6 3 9 9 0 
9 3 1 3 6 3 9 9 0 
9 3 1 3 6 3 9 9 0 
9 3 1 3 6 3 9 9 0 
